Symbol,Type,Strike,Last,Bid,Ask,Vol,OpenInt
GOOG120317C00270000,C,270,301.30,NaN,NaN,5,5
GOOG120317C00275000,C,275,299.50,NaN,NaN,2,3
GOOG120317C00285000,C,285,292.60,NaN,NaN,1,12
GOOG120317C00300000,C,300,310.00,NaN,NaN,1,8
GOOG120317C00315000,C,315,264.60,NaN,NaN,1,1
GOOG120317C00325000,C,325,215.30,NaN,NaN,NaN,1
GOOG120317C00330000,C,330,322.20,NaN,NaN,1,2
GOOG120317C00335000,C,335,206.10,NaN,NaN,NaN,1
GOOG120317C00340000,C,340,272.20,NaN,NaN,1,1
GOOG120317C00345000,C,345,242.60,NaN,NaN,1,10
GOOG120317C00350000,C,350,238.14,NaN,NaN,2,16
GOOG120317C00355000,C,355,307.50,NaN,NaN,1,2
GOOG120317C00370000,C,370,214.10,NaN,NaN,1,1
GOOG120317C00375000,C,375,233.00,NaN,NaN,1,1
GOOG120317C00390000,C,390,241.00,NaN,NaN,1,31
GOOG120317C00400000,C,400,201.00,NaN,NaN,1,31
GOOG120317C00410000,C,410,251.00,NaN,NaN,3,12
GOOG120317C00415000,C,415,205.80,NaN,NaN,5,2
GOOG120317C00420000,C,420,183.80,NaN,NaN,1,29
GOOG120317C00425000,C,425,200.00,NaN,NaN,1,12
GOOG120317C00430000,C,430,182.00,NaN,NaN,10,11
GOOG120317C00435000,C,435,151.62,NaN,NaN,2,3
GOOG120317C00440000,C,440,141.68,NaN,NaN,1,3
GOOG120317C00445000,C,445,151.40,NaN,NaN,10,37
GOOG120317C00450000,C,450,168.00,NaN,NaN,21,83
GOOG120317C00455000,C,455,150.29,NaN,NaN,18,34
GOOG120317C00460000,C,460,143.60,NaN,NaN,4,23
GOOG120317C00465000,C,465,143.50,NaN,NaN,1,41
GOOG120317C00470000,C,470,108.40,NaN,NaN,1,28
GOOG120317C00475000,C,475,134.21,NaN,NaN,7,22
GOOG120317C00480000,C,480,130.50,NaN,NaN,6,39
GOOG120317C00485000,C,485,139.00,NaN,NaN,2,58
GOOG120317C00490000,C,490,116.50,NaN,NaN,8,74
GOOG120317C00495000,C,495,115.60,NaN,NaN,4,22
GOOG120317C00500000,C,500,125.00,NaN,NaN,16,178
GOOG120317C00505000,C,505,115.50,NaN,NaN,5,63
GOOG120317C00510000,C,510,114.00,NaN,NaN,17,114
GOOG120317C00515000,C,515,105.15,NaN,NaN,26,254
GOOG120317C00520000,C,520,97.80,NaN,NaN,5,253
GOOG120317C00525000,C,525,94.86,NaN,NaN,10,158
GOOG120317C00530000,C,530,95.00,NaN,NaN,23,215
GOOG120317C00535000,C,535,89.10,NaN,NaN,11,203
GOOG120317C00540000,C,540,84.98,NaN,NaN,58,3863
GOOG120317C00545000,C,545,81.00,NaN,NaN,3,250
GOOG120302C00550000,C,550,60.69,NaN,NaN,1,1
GOOG120317C00550000,C,550,74.30,NaN,NaN,152,763
GOOG120302C00555000,C,555,61.40,NaN,NaN,11,11
GOOG120317C00555000,C,555,69.00,NaN,NaN,54,398
GOOG120302C00560000,C,560,64.28,NaN,NaN,57,57
GOOG120317C00560000,C,560,63.64,NaN,NaN,24,526
GOOG120317C00565000,C,565,58.80,NaN,NaN,11,270
GOOG120302C00570000,C,570,54.22,NaN,NaN,77,87
GOOG120317C00570000,C,570,53.84,NaN,NaN,27,1847
GOOG120302C00575000,C,575,46.15,NaN,NaN,20,20
GOOG120317C00575000,C,575,50.70,NaN,NaN,50,634
GOOG120302C00580000,C,580,43.61,NaN,NaN,10,31
GOOG120317C00580000,C,580,43.70,NaN,NaN,89,1238
GOOG120302C00585000,C,585,35.10,NaN,NaN,7,38
GOOG120317C00585000,C,585,40.00,NaN,NaN,37,791
GOOG120302C00590000,C,590,34.97,NaN,NaN,19,26
GOOG120317C00590000,C,590,35.30,NaN,NaN,67,1598
GOOG120302C00595000,C,595,27.80,NaN,NaN,16,74
GOOG120317C00595000,C,595,30.20,NaN,NaN,21,1214
GOOG120302C00600000,C,600,22.80,NaN,NaN,186,290
GOOG120317C00600000,C,600,25.30,NaN,NaN,289,3529
GOOG120302C00605000,C,605,17.90,NaN,NaN,67,374
GOOG120317C00605000,C,605,20.90,NaN,NaN,134,2051
GOOG120302C00610000,C,610,12.70,NaN,NaN,502,902
GOOG120317C00610000,C,610,17.00,NaN,NaN,507,3472
GOOG120302C00615000,C,615,8.10,NaN,NaN,1296,1510
GOOG120317C00615000,C,615,13.70,NaN,NaN,758,2704
GOOG120302C00620000,C,620,4.40,NaN,NaN,3714,2530
GOOG120317C00620000,C,620,10.50,NaN,NaN,2618,5316
GOOG120302C00625000,C,625,1.45,NaN,NaN,4351,1952
GOOG120317C00625000,C,625,7.70,NaN,NaN,1044,3004
GOOG120302C00630000,C,630,0.50,NaN,NaN,3514,1802
GOOG120317C00630000,C,630,5.63,NaN,NaN,793,6134
GOOG120302C00635000,C,635,0.20,NaN,NaN,549,955
GOOG120317C00635000,C,635,4.01,NaN,NaN,497,2538
GOOG120302C00640000,C,640,0.10,NaN,NaN,108,562
GOOG120317C00640000,C,640,2.71,NaN,NaN,804,4897
GOOG120302C00645000,C,645,0.06,NaN,NaN,115,246
GOOG120317C00645000,C,645,2.05,NaN,NaN,244,2319
GOOG120302C00650000,C,650,0.05,NaN,NaN,23,130
GOOG120317C00650000,C,650,1.40,NaN,NaN,329,3264
GOOG120302C00655000,C,655,0.06,NaN,NaN,10,46
GOOG120317C00655000,C,655,1.00,NaN,NaN,95,1232
GOOG120302C00660000,C,660,0.05,NaN,NaN,56,42
GOOG120317C00660000,C,660,0.73,NaN,NaN,617,3702
GOOG120317C00665000,C,665,0.80,NaN,NaN,36,1122
GOOG120302C00670000,C,670,0.05,NaN,NaN,2,7
GOOG120317C00670000,C,670,0.40,NaN,NaN,664,3185
GOOG120317C00675000,C,675,0.52,NaN,NaN,103,1315
GOOG120317C00680000,C,680,0.30,NaN,NaN,2550,4696
GOOG120317C00685000,C,685,0.30,NaN,NaN,111,947
GOOG120317C00690000,C,690,0.35,NaN,NaN,14,1859
GOOG120317C00695000,C,695,0.30,NaN,NaN,14,639
GOOG120317C00700000,C,700,0.25,NaN,NaN,150,3234
GOOG120317C00705000,C,705,0.25,NaN,NaN,5,619
GOOG120317C00710000,C,710,0.25,NaN,NaN,15,1382
GOOG120317C00715000,C,715,0.20,NaN,NaN,7,598
GOOG120317C00720000,C,720,0.20,NaN,NaN,15,2652
GOOG120317C00725000,C,725,0.17,NaN,NaN,10,428
GOOG120317C00730000,C,730,0.10,NaN,NaN,1539,2258
GOOG120317C00735000,C,735,0.15,NaN,NaN,68,571
GOOG120317C00740000,C,740,0.15,NaN,NaN,13,1261
GOOG120317C00745000,C,745,0.10,NaN,NaN,74,286
GOOG120317C00750000,C,750,0.15,NaN,NaN,2,980
GOOG120317C00755000,C,755,0.10,NaN,NaN,11,300
GOOG120317C00760000,C,760,0.05,NaN,NaN,37,525
GOOG120317C00765000,C,765,0.05,NaN,NaN,5,289
GOOG120317C00770000,C,770,0.25,NaN,NaN,1,850
GOOG120317C00775000,C,775,0.15,NaN,NaN,10,414
GOOG120317C00780000,C,780,0.12,NaN,NaN,5,638
GOOG120317C00785000,C,785,0.10,NaN,NaN,10,197
GOOG120317C00790000,C,790,0.10,NaN,NaN,19,380
GOOG120317C00795000,C,795,0.10,NaN,NaN,46,308
GOOG120317C00800000,C,800,0.05,NaN,NaN,94,1792
GOOG120317C00810000,C,810,0.03,NaN,NaN,3,322
GOOG120317C00820000,C,820,0.04,NaN,NaN,1,310
GOOG120317C00830000,C,830,0.05,NaN,NaN,1,153
GOOG120317C00840000,C,840,0.05,NaN,NaN,47,284
GOOG120317C00850000,C,850,0.35,NaN,NaN,3,266
GOOG120317C00860000,C,860,1.05,NaN,NaN,NaN,76
GOOG120317C00870000,C,870,0.35,NaN,NaN,58,78
GOOG120317C00880000,C,880,0.05,NaN,NaN,1,134
GOOG120317C00890000,C,890,0.05,NaN,NaN,7,102
GOOG120317C00900000,C,900,0.04,NaN,NaN,40,482
GOOG120317C00910000,C,910,0.10,NaN,NaN,7,228
GOOG120317C00920000,C,920,0.15,NaN,NaN,2,28
GOOG120317C00930000,C,930,0.10,NaN,NaN,73,99
GOOG120317C00970000,C,970,0.05,NaN,NaN,5,25
GOOG120317P00255000,P,255,0.03,NaN,NaN,1,1114
GOOG120317P00260000,P,260,0.15,NaN,NaN,12,168
GOOG120317P00265000,P,265,0.10,NaN,NaN,2,63
GOOG120317P00270000,P,270,0.15,NaN,NaN,2,32
GOOG120317P00275000,P,275,0.05,NaN,NaN,11,66
GOOG120317P00280000,P,280,0.15,NaN,NaN,6,112
GOOG120317P00285000,P,285,0.15,NaN,NaN,2,77
GOOG120317P00290000,P,290,0.05,NaN,NaN,20,128
GOOG120317P00295000,P,295,0.05,NaN,NaN,3,95
GOOG120317P00300000,P,300,0.05,NaN,NaN,2,129
GOOG120317P00305000,P,305,0.05,NaN,NaN,11,32
GOOG120317P00310000,P,310,0.05,NaN,NaN,20,111
GOOG120317P00315000,P,315,0.03,NaN,NaN,23,45
GOOG120317P00320000,P,320,0.10,NaN,NaN,13,89
GOOG120317P00325000,P,325,0.05,NaN,NaN,2,58
GOOG120317P00330000,P,330,0.05,NaN,NaN,2,72
GOOG120317P00335000,P,335,0.05,NaN,NaN,2,77
GOOG120317P00340000,P,340,0.05,NaN,NaN,2,27
GOOG120317P00345000,P,345,0.05,NaN,NaN,11,114
GOOG120317P00350000,P,350,0.05,NaN,NaN,30,230
GOOG120317P00355000,P,355,0.35,NaN,NaN,6,164
GOOG120317P00360000,P,360,0.06,NaN,NaN,7,113
GOOG120317P00365000,P,365,0.05,NaN,NaN,20,79
GOOG120317P00370000,P,370,0.10,NaN,NaN,10,69
GOOG120317P00375000,P,375,0.05,NaN,NaN,25,133
GOOG120317P00380000,P,380,0.05,NaN,NaN,16,194
GOOG120317P00385000,P,385,0.05,NaN,NaN,1,152
GOOG120317P00390000,P,390,0.15,NaN,NaN,30,174
GOOG120317P00395000,P,395,0.05,NaN,NaN,4,241
GOOG120317P00400000,P,400,0.20,NaN,NaN,3,241
GOOG120317P00405000,P,405,0.05,NaN,NaN,52,135
GOOG120317P00410000,P,410,0.05,NaN,NaN,65,309
GOOG120317P00415000,P,415,0.05,NaN,NaN,1,125
GOOG120317P00420000,P,420,0.05,NaN,NaN,11,174
GOOG120317P00425000,P,425,0.05,NaN,NaN,3,459
GOOG120317P00430000,P,430,0.05,NaN,NaN,3,311
GOOG120317P00435000,P,435,0.05,NaN,NaN,2,191
GOOG120317P00440000,P,440,0.05,NaN,NaN,3,215
GOOG120317P00445000,P,445,0.05,NaN,NaN,12,484
GOOG120317P00450000,P,450,0.05,NaN,NaN,1,981
GOOG120317P00455000,P,455,0.11,NaN,NaN,31,249
GOOG120317P00460000,P,460,0.15,NaN,NaN,10,899
GOOG120317P00465000,P,465,0.15,NaN,NaN,22,163
GOOG120317P00470000,P,470,0.16,NaN,NaN,105,746
GOOG120317P00475000,P,475,0.15,NaN,NaN,1,267
GOOG120317P00480000,P,480,0.20,NaN,NaN,59,344
GOOG120317P00485000,P,485,0.35,NaN,NaN,10,323
GOOG120317P00490000,P,490,0.25,NaN,NaN,18,510
GOOG120317P00495000,P,495,0.30,NaN,NaN,19,749
GOOG120317P00500000,P,500,0.25,NaN,NaN,15,2344
GOOG120317P00505000,P,505,0.35,NaN,NaN,106,586
GOOG120317P00510000,P,510,0.25,NaN,NaN,2,1389
GOOG120317P00515000,P,515,0.40,NaN,NaN,48,1744
GOOG120317P00520000,P,520,0.36,NaN,NaN,78,1265
GOOG120302P00525000,P,525,0.05,NaN,NaN,5,195
GOOG120317P00525000,P,525,0.41,NaN,NaN,9,2239
GOOG120302P00530000,P,530,0.14,NaN,NaN,1,43
GOOG120317P00530000,P,530,0.40,NaN,NaN,40,1506
GOOG120302P00535000,P,535,0.14,NaN,NaN,1,37
GOOG120317P00535000,P,535,0.49,NaN,NaN,5,808
GOOG120302P00540000,P,540,0.05,NaN,NaN,16,50
GOOG120317P00540000,P,540,0.50,NaN,NaN,531,2141
GOOG120302P00545000,P,545,0.05,NaN,NaN,1,148
GOOG120317P00545000,P,545,0.50,NaN,NaN,145,4972
GOOG120302P00550000,P,550,0.15,NaN,NaN,7,7
GOOG120317P00550000,P,550,0.59,NaN,NaN,508,3101
GOOG120302P00555000,P,555,0.05,NaN,NaN,3,27
GOOG120317P00555000,P,555,0.60,NaN,NaN,267,1838
GOOG120302P00560000,P,560,0.05,NaN,NaN,3,367
GOOG120317P00560000,P,560,0.65,NaN,NaN,442,3357
GOOG120302P00565000,P,565,0.05,NaN,NaN,1,207
GOOG120317P00565000,P,565,0.77,NaN,NaN,150,1473
GOOG120302P00570000,P,570,0.05,NaN,NaN,1,470
GOOG120317P00570000,P,570,0.90,NaN,NaN,552,3286
GOOG120302P00575000,P,575,0.05,NaN,NaN,41,319
GOOG120317P00575000,P,575,1.06,NaN,NaN,373,3006
GOOG120302P00580000,P,580,0.05,NaN,NaN,26,544
GOOG120317P00580000,P,580,1.22,NaN,NaN,370,2471
GOOG120302P00585000,P,585,0.05,NaN,NaN,54,685
GOOG120317P00585000,P,585,1.37,NaN,NaN,145,2059
GOOG120302P00590000,P,590,0.08,NaN,NaN,42,743
GOOG120317P00590000,P,590,1.65,NaN,NaN,455,2555
GOOG120302P00595000,P,595,0.10,NaN,NaN,122,1068
GOOG120317P00595000,P,595,2.07,NaN,NaN,72,1937
GOOG120302P00600000,P,600,0.15,NaN,NaN,588,1336
GOOG120317P00600000,P,600,2.55,NaN,NaN,736,3198
GOOG120302P00605000,P,605,0.20,NaN,NaN,455,1344
GOOG120317P00605000,P,605,3.20,NaN,NaN,85,2449
GOOG120302P00610000,P,610,0.20,NaN,NaN,1395,1455
GOOG120317P00610000,P,610,4.40,NaN,NaN,347,2118
GOOG120302P00615000,P,615,0.65,NaN,NaN,1957,870
GOOG120317P00615000,P,615,6.10,NaN,NaN,339,1729
GOOG120302P00620000,P,620,1.50,NaN,NaN,3150,911
GOOG120317P00620000,P,620,7.80,NaN,NaN,995,735
GOOG120302P00625000,P,625,3.90,NaN,NaN,1666,460
GOOG120317P00625000,P,625,10.20,NaN,NaN,529,658
GOOG120302P00630000,P,630,7.80,NaN,NaN,921,252
GOOG120317P00630000,P,630,12.00,NaN,NaN,313,675
GOOG120302P00635000,P,635,10.20,NaN,NaN,26,38
GOOG120317P00635000,P,635,15.30,NaN,NaN,56,336
GOOG120302P00640000,P,640,16.00,NaN,NaN,15,61
GOOG120317P00640000,P,640,20.20,NaN,NaN,144,350
GOOG120317P00645000,P,645,23.00,NaN,NaN,21,190
GOOG120302P00650000,P,650,24.70,NaN,NaN,4,2
GOOG120317P00650000,P,650,30.00,NaN,NaN,43,485
GOOG120317P00655000,P,655,32.30,NaN,NaN,2,244
GOOG120317P00660000,P,660,37.70,NaN,NaN,15,219
GOOG120317P00665000,P,665,41.50,NaN,NaN,2,249
GOOG120317P00670000,P,670,55.18,NaN,NaN,11,89
GOOG120317P00675000,P,675,54.30,NaN,NaN,8,239
GOOG120317P00680000,P,680,57.00,NaN,NaN,5,72
GOOG120317P00685000,P,685,61.60,NaN,NaN,11,90
GOOG120317P00690000,P,690,73.40,NaN,NaN,10,33
GOOG120317P00695000,P,695,105.00,NaN,NaN,5,65
GOOG120317P00700000,P,700,78.60,NaN,NaN,10,91
GOOG120317P00705000,P,705,120.00,NaN,NaN,1,13
GOOG120317P00710000,P,710,86.00,NaN,NaN,12,53
GOOG120317P00715000,P,715,125.00,NaN,NaN,1,22
GOOG120317P00720000,P,720,107.70,NaN,NaN,9,34
GOOG120317P00725000,P,725,115.10,NaN,NaN,20,5
GOOG120317P00730000,P,730,106.40,NaN,NaN,21,27
GOOG120317P00740000,P,740,231.40,NaN,NaN,NaN,1
GOOG120317P00750000,P,750,137.30,NaN,NaN,1,2
GOOG120317P00755000,P,755,122.20,NaN,NaN,16,11
GOOG120317P00770000,P,770,200.60,NaN,NaN,5,4
GOOG120317P00830000,P,830,202.10,NaN,NaN,10,10
GOOG120421C00400000,C,400,218.80,NaN,NaN,5,4
GOOG120421C00430000,C,430,183.00,NaN,NaN,10,10
GOOG120421C00450000,C,450,163.33,NaN,NaN,20,20
GOOG120421C00490000,C,490,122.70,NaN,NaN,1,1
GOOG120421C00510000,C,510,116.10,NaN,NaN,1,4
GOOG120421C00525000,C,525,94.31,NaN,NaN,45,45
GOOG120421C00530000,C,530,98.00,NaN,NaN,2,22
GOOG120421C00535000,C,535,86.50,NaN,NaN,2,42
GOOG120421C00540000,C,540,89.00,NaN,NaN,2,27
GOOG120421C00545000,C,545,80.20,NaN,NaN,10,36
GOOG120421C00550000,C,550,79.00,NaN,NaN,1,11
GOOG120421C00555000,C,555,71.40,NaN,NaN,6,1
GOOG120421C00560000,C,560,66.00,NaN,NaN,15,16
GOOG120421C00565000,C,565,63.00,NaN,NaN,1,6
GOOG120421C00570000,C,570,56.35,NaN,NaN,40,38
GOOG120421C00575000,C,575,57.00,NaN,NaN,6,22
GOOG120421C00580000,C,580,54.20,NaN,NaN,6,101
GOOG120421C00585000,C,585,50.20,NaN,NaN,16,82
GOOG120421C00590000,C,590,45.20,NaN,NaN,2,89
GOOG120421C00595000,C,595,43.00,NaN,NaN,11,78
GOOG120421C00600000,C,600,38.50,NaN,NaN,51,397
GOOG120421C00605000,C,605,35.00,NaN,NaN,30,99
GOOG120421C00610000,C,610,32.10,NaN,NaN,51,519
GOOG120421C00615000,C,615,28.90,NaN,NaN,171,908
GOOG120421C00620000,C,620,26.30,NaN,NaN,311,644
GOOG120421C00625000,C,625,23.60,NaN,NaN,191,384
GOOG120421C00630000,C,630,21.00,NaN,NaN,158,632
GOOG120421C00635000,C,635,19.40,NaN,NaN,84,338
GOOG120421C00640000,C,640,17.10,NaN,NaN,119,1312
GOOG120421C00645000,C,645,15.00,NaN,NaN,14,601
GOOG120421C00650000,C,650,13.20,NaN,NaN,236,3139
GOOG120421C00655000,C,655,11.90,NaN,NaN,92,430
GOOG120421C00660000,C,660,10.50,NaN,NaN,197,809
GOOG120421C00665000,C,665,8.90,NaN,NaN,57,319
GOOG120421C00670000,C,670,7.80,NaN,NaN,201,607
GOOG120421C00675000,C,675,6.80,NaN,NaN,79,516
GOOG120421C00680000,C,680,6.00,NaN,NaN,112,429
GOOG120421C00685000,C,685,5.30,NaN,NaN,15,165
GOOG120421C00690000,C,690,4.60,NaN,NaN,126,1331
GOOG120421C00695000,C,695,4.30,NaN,NaN,13,62
GOOG120421C00700000,C,700,3.60,NaN,NaN,580,398
GOOG120421C00705000,C,705,3.30,NaN,NaN,16,124
GOOG120421C00710000,C,710,2.90,NaN,NaN,7,400
GOOG120421C00715000,C,715,2.55,NaN,NaN,6,36
GOOG120421C00720000,C,720,2.15,NaN,NaN,6,109
GOOG120421C00725000,C,725,1.90,NaN,NaN,70,14
GOOG120421C00730000,C,730,1.65,NaN,NaN,83,17
GOOG120421C00735000,C,735,1.40,NaN,NaN,1,1
GOOG120421C00740000,C,740,1.10,NaN,NaN,1,1
GOOG120421C00745000,C,745,1.18,NaN,NaN,23,1
GOOG120421C00750000,C,750,0.80,NaN,NaN,11,89
GOOG120421C00770000,C,770,0.60,NaN,NaN,10,10
GOOG120421C00775000,C,775,0.35,NaN,NaN,10,10
GOOG120421C00780000,C,780,0.50,NaN,NaN,10,10
GOOG120421C00790000,C,790,0.20,NaN,NaN,17,17
GOOG120421P00365000,P,365,0.25,NaN,NaN,50,50
GOOG120421P00370000,P,370,0.25,NaN,NaN,50,50
GOOG120421P00375000,P,375,0.20,NaN,NaN,1,11
GOOG120421P00380000,P,380,0.25,NaN,NaN,2,20
GOOG120421P00385000,P,385,0.30,NaN,NaN,40,30
GOOG120421P00400000,P,400,0.50,NaN,NaN,20,20
GOOG120421P00405000,P,405,0.31,NaN,NaN,1,2
GOOG120421P00410000,P,410,0.50,NaN,NaN,1,1
GOOG120421P00425000,P,425,0.40,NaN,NaN,10,26
GOOG120421P00430000,P,430,0.70,NaN,NaN,1,1
GOOG120421P00435000,P,435,0.45,NaN,NaN,10,11
GOOG120421P00440000,P,440,0.62,NaN,NaN,1,1
GOOG120421P00445000,P,445,0.55,NaN,NaN,11,12
GOOG120421P00450000,P,450,0.60,NaN,NaN,55,89
GOOG120421P00455000,P,455,1.20,NaN,NaN,12,11
GOOG120421P00465000,P,465,0.75,NaN,NaN,31,31
GOOG120421P00470000,P,470,0.80,NaN,NaN,5,11
GOOG120421P00475000,P,475,1.20,NaN,NaN,22,54
GOOG120421P00480000,P,480,0.90,NaN,NaN,16,10
GOOG120421P00490000,P,490,1.15,NaN,NaN,10,18
GOOG120421P00495000,P,495,1.30,NaN,NaN,11,85
GOOG120421P00500000,P,500,1.40,NaN,NaN,29,240
GOOG120421P00505000,P,505,1.69,NaN,NaN,2,57
GOOG120421P00510000,P,510,1.95,NaN,NaN,15,120
GOOG120421P00515000,P,515,1.99,NaN,NaN,1,66
GOOG120421P00520000,P,520,2.26,NaN,NaN,8,241
GOOG120421P00525000,P,525,2.51,NaN,NaN,5,52
GOOG120421P00530000,P,530,2.85,NaN,NaN,8,184
GOOG120421P00535000,P,535,3.11,NaN,NaN,28,83
GOOG120421P00540000,P,540,3.43,NaN,NaN,23,183
GOOG120421P00545000,P,545,4.30,NaN,NaN,12,284
GOOG120421P00550000,P,550,4.62,NaN,NaN,22,401
GOOG120421P00555000,P,555,5.18,NaN,NaN,60,223
GOOG120421P00560000,P,560,5.63,NaN,NaN,79,759
GOOG120421P00565000,P,565,6.49,NaN,NaN,29,112
GOOG120421P00570000,P,570,7.30,NaN,NaN,30,471
GOOG120421P00575000,P,575,8.26,NaN,NaN,10,176
GOOG120421P00580000,P,580,9.50,NaN,NaN,31,252
GOOG120421P00585000,P,585,10.60,NaN,NaN,27,190
GOOG120421P00590000,P,590,12.39,NaN,NaN,34,136
GOOG120421P00595000,P,595,13.80,NaN,NaN,52,249
GOOG120421P00600000,P,600,15.00,NaN,NaN,96,523
GOOG120421P00605000,P,605,16.90,NaN,NaN,43,242
GOOG120421P00610000,P,610,18.20,NaN,NaN,28,507
GOOG120421P00615000,P,615,20.20,NaN,NaN,122,1014
GOOG120421P00620000,P,620,22.50,NaN,NaN,165,343
GOOG120421P00625000,P,625,24.70,NaN,NaN,25,88
GOOG120421P00630000,P,630,27.50,NaN,NaN,97,142
GOOG120421P00635000,P,635,30.30,NaN,NaN,51,306
GOOG120421P00640000,P,640,33.10,NaN,NaN,213,83
GOOG120421P00645000,P,645,35.40,NaN,NaN,160,189
GOOG120421P00650000,P,650,39.20,NaN,NaN,18,95
GOOG120421P00660000,P,660,45.63,NaN,NaN,2,74
GOOG120421P00665000,P,665,55.01,NaN,NaN,22,22
GOOG120421P00670000,P,670,55.20,NaN,NaN,1,15
GOOG120421P00675000,P,675,58.10,NaN,NaN,140,62
GOOG120421P00680000,P,680,73.70,NaN,NaN,1,1
GOOG120421P00685000,P,685,66.80,NaN,NaN,1,14
GOOG120421P00700000,P,700,80.50,NaN,NaN,15,9
GOOG120616C00285000,C,285,333.51,NaN,NaN,158,162
GOOG120616C00295000,C,295,285.00,NaN,NaN,1,24
GOOG120616C00300000,C,300,308.80,NaN,NaN,1,2
GOOG120616C00305000,C,305,279.60,NaN,NaN,1,11
GOOG120616C00310000,C,310,275.80,NaN,NaN,2,1
GOOG120616C00315000,C,315,255.70,NaN,NaN,3,8
GOOG120616C00320000,C,320,311.20,NaN,NaN,1,1
GOOG120616C00330000,C,330,240.90,NaN,NaN,1,1
GOOG120616C00335000,C,335,236.10,NaN,NaN,4,4
GOOG120616C00340000,C,340,229.43,NaN,NaN,4,4
GOOG120616C00345000,C,345,226.80,NaN,NaN,1,1
GOOG120616C00350000,C,350,229.50,NaN,NaN,1,9
GOOG120616C00355000,C,355,229.50,NaN,NaN,1,2
GOOG120616C00360000,C,360,249.40,NaN,NaN,2,10
GOOG120616C00370000,C,370,261.00,NaN,NaN,1,1
GOOG120616C00380000,C,380,229.50,NaN,NaN,3,13
GOOG120616C00390000,C,390,218.00,NaN,NaN,3,3
GOOG120616C00395000,C,395,212.60,NaN,NaN,3,4
GOOG120616C00400000,C,400,209.90,NaN,NaN,2,26
GOOG120616C00405000,C,405,186.00,NaN,NaN,1,1
GOOG120616C00420000,C,420,215.99,NaN,NaN,2,2
GOOG120616C00425000,C,425,167.40,NaN,NaN,2,47
GOOG120616C00430000,C,430,210.50,NaN,NaN,1,2
GOOG120616C00435000,C,435,188.10,NaN,NaN,1,1
GOOG120616C00440000,C,440,170.00,NaN,NaN,2,14
GOOG120616C00445000,C,445,166.00,NaN,NaN,2,21
GOOG120616C00450000,C,450,175.00,NaN,NaN,1,41
GOOG120616C00455000,C,455,177.10,NaN,NaN,1,2
GOOG120616C00460000,C,460,150.83,NaN,NaN,2,20
GOOG120616C00465000,C,465,147.00,NaN,NaN,1,16
GOOG120616C00475000,C,475,138.80,NaN,NaN,10,15
GOOG120616C00480000,C,480,134.66,NaN,NaN,2,26
GOOG120616C00485000,C,485,124.30,NaN,NaN,4,14
GOOG120616C00490000,C,490,118.80,NaN,NaN,6,13
GOOG120616C00495000,C,495,125.40,NaN,NaN,5,23
GOOG120616C00500000,C,500,129.50,NaN,NaN,5,181
GOOG120616C00505000,C,505,117.50,NaN,NaN,1,21
GOOG120616C00510000,C,510,112.00,NaN,NaN,1,49
GOOG120616C00515000,C,515,107.50,NaN,NaN,2,7
GOOG120616C00520000,C,520,99.50,NaN,NaN,10,50
GOOG120616C00525000,C,525,105.70,NaN,NaN,11,58
GOOG120616C00530000,C,530,99.60,NaN,NaN,1,335
GOOG120616C00535000,C,535,90.30,NaN,NaN,14,93
GOOG120616C00540000,C,540,89.60,NaN,NaN,5,48
GOOG120616C00545000,C,545,78.35,NaN,NaN,2,48
GOOG120616C00550000,C,550,83.20,NaN,NaN,2,238
GOOG120616C00555000,C,555,80.00,NaN,NaN,4,97
GOOG120616C00560000,C,560,76.80,NaN,NaN,1,99
GOOG120616C00565000,C,565,72.80,NaN,NaN,1,721
GOOG120616C00570000,C,570,65.60,NaN,NaN,1,522
GOOG120616C00575000,C,575,65.50,NaN,NaN,7,221
GOOG120616C00580000,C,580,61.00,NaN,NaN,10,491
GOOG120616C00585000,C,585,56.00,NaN,NaN,10,742
GOOG120616C00590000,C,590,53.00,NaN,NaN,10,517
GOOG120616C00595000,C,595,50.50,NaN,NaN,10,273
GOOG120616C00600000,C,600,45.80,NaN,NaN,27,2783
GOOG120616C00605000,C,605,44.30,NaN,NaN,12,473
GOOG120616C00610000,C,610,39.80,NaN,NaN,39,1478
GOOG120616C00615000,C,615,37.60,NaN,NaN,39,697
GOOG120616C00620000,C,620,34.86,NaN,NaN,23,1238
GOOG120616C00625000,C,625,31.90,NaN,NaN,31,435
GOOG120616C00630000,C,630,28.50,NaN,NaN,149,736
GOOG120616C00635000,C,635,27.73,NaN,NaN,21,929
GOOG120616C00640000,C,640,24.87,NaN,NaN,38,898
GOOG120616C00645000,C,645,22.80,NaN,NaN,53,334
GOOG120616C00650000,C,650,20.30,NaN,NaN,36,4057
GOOG120616C00655000,C,655,19.00,NaN,NaN,33,375
GOOG120616C00660000,C,660,17.67,NaN,NaN,5,480
GOOG120616C00665000,C,665,16.15,NaN,NaN,23,612
GOOG120616C00670000,C,670,14.15,NaN,NaN,32,814
GOOG120616C00675000,C,675,12.80,NaN,NaN,43,512
GOOG120616C00680000,C,680,11.57,NaN,NaN,62,734
GOOG120616C00685000,C,685,10.55,NaN,NaN,21,512
GOOG120616C00690000,C,690,9.35,NaN,NaN,5,461
GOOG120616C00695000,C,695,7.80,NaN,NaN,12,671
GOOG120616C00700000,C,700,7.50,NaN,NaN,62,1962
GOOG120616C00705000,C,705,6.60,NaN,NaN,40,328
GOOG120616C00710000,C,710,5.30,NaN,NaN,4,290
GOOG120616C00715000,C,715,5.40,NaN,NaN,16,287
GOOG120616C00720000,C,720,4.90,NaN,NaN,6,276
GOOG120616C00725000,C,725,4.49,NaN,NaN,1,236
GOOG120616C00730000,C,730,4.00,NaN,NaN,1,255
GOOG120616C00735000,C,735,2.90,NaN,NaN,13,228
GOOG120616C00740000,C,740,2.95,NaN,NaN,1,239
GOOG120616C00745000,C,745,2.55,NaN,NaN,6,216
GOOG120616C00750000,C,750,2.25,NaN,NaN,50,685
GOOG120616C00755000,C,755,2.15,NaN,NaN,1,203
GOOG120616C00760000,C,760,1.80,NaN,NaN,50,251
GOOG120616C00765000,C,765,1.72,NaN,NaN,10,183
GOOG120616C00770000,C,770,2.06,NaN,NaN,1,228
GOOG120616C00775000,C,775,1.23,NaN,NaN,10,346
GOOG120616C00780000,C,780,1.20,NaN,NaN,12,527
GOOG120616C00785000,C,785,1.20,NaN,NaN,16,235
GOOG120616C00790000,C,790,0.87,NaN,NaN,50,182
GOOG120616C00795000,C,795,0.85,NaN,NaN,37,84
GOOG120616C00800000,C,800,0.70,NaN,NaN,10,472
GOOG120616C00805000,C,805,0.90,NaN,NaN,3,187
GOOG120616C00810000,C,810,0.60,NaN,NaN,14,108
GOOG120616C00815000,C,815,0.70,NaN,NaN,1,86
GOOG120616C00820000,C,820,0.53,NaN,NaN,1,133
GOOG120616C00825000,C,825,0.70,NaN,NaN,32,119
GOOG120616C00830000,C,830,0.45,NaN,NaN,10,98
GOOG120616C00835000,C,835,0.40,NaN,NaN,1,93
GOOG120616C00840000,C,840,0.55,NaN,NaN,7,199
GOOG120616C00845000,C,845,0.45,NaN,NaN,34,192
GOOG120616C00850000,C,850,0.35,NaN,NaN,10,155
GOOG120616C00855000,C,855,0.55,NaN,NaN,63,155
GOOG120616C00860000,C,860,0.30,NaN,NaN,80,116
GOOG120616C00865000,C,865,0.55,NaN,NaN,120,112
GOOG120616C00870000,C,870,0.50,NaN,NaN,10,103
GOOG120616C00875000,C,875,0.35,NaN,NaN,8,86
GOOG120616C00880000,C,880,0.35,NaN,NaN,7,137
GOOG120616C00885000,C,885,0.25,NaN,NaN,39,111
GOOG120616C00890000,C,890,0.30,NaN,NaN,50,118
GOOG120616C00900000,C,900,0.24,NaN,NaN,1,111
GOOG120616C00910000,C,910,1.35,NaN,NaN,1,62
GOOG120616C00920000,C,920,0.20,NaN,NaN,10,102
GOOG120616C00930000,C,930,0.10,NaN,NaN,1,7
GOOG120616C00940000,C,940,0.85,NaN,NaN,10,22
GOOG120616C00950000,C,950,0.25,NaN,NaN,1,43
GOOG120616C00960000,C,960,0.75,NaN,NaN,30,45
GOOG120616C00970000,C,970,0.25,NaN,NaN,1,97
GOOG120616C00980000,C,980,0.15,NaN,NaN,147,147
GOOG120616P00285000,P,285,0.25,NaN,NaN,55,473
GOOG120616P00290000,P,290,0.30,NaN,NaN,24,197
GOOG120616P00295000,P,295,0.35,NaN,NaN,11,144
GOOG120616P00300000,P,300,0.35,NaN,NaN,10,141
GOOG120616P00305000,P,305,0.35,NaN,NaN,16,60
GOOG120616P00310000,P,310,0.40,NaN,NaN,7,49
GOOG120616P00315000,P,315,0.50,NaN,NaN,10,90
GOOG120616P00320000,P,320,0.55,NaN,NaN,15,43
GOOG120616P00325000,P,325,0.50,NaN,NaN,7,32
GOOG120616P00330000,P,330,0.55,NaN,NaN,47,58
GOOG120616P00335000,P,335,0.54,NaN,NaN,11,44
GOOG120616P00340000,P,340,0.33,NaN,NaN,1,59
GOOG120616P00345000,P,345,0.80,NaN,NaN,12,37
GOOG120616P00350000,P,350,0.65,NaN,NaN,10,64
GOOG120616P00355000,P,355,0.58,NaN,NaN,1,60
GOOG120616P00360000,P,360,0.60,NaN,NaN,1,65
GOOG120616P00365000,P,365,0.95,NaN,NaN,10,24
GOOG120616P00370000,P,370,0.85,NaN,NaN,1,63
GOOG120616P00375000,P,375,0.60,NaN,NaN,11,92
GOOG120616P00380000,P,380,1.20,NaN,NaN,10,204
GOOG120616P00385000,P,385,1.10,NaN,NaN,3,11
GOOG120616P00390000,P,390,1.60,NaN,NaN,4,38
GOOG120616P00395000,P,395,0.80,NaN,NaN,20,62
GOOG120616P00400000,P,400,0.87,NaN,NaN,1,148
GOOG120616P00405000,P,405,1.25,NaN,NaN,2,35
GOOG120616P00410000,P,410,1.00,NaN,NaN,9,46
GOOG120616P00415000,P,415,1.60,NaN,NaN,2,60
GOOG120616P00420000,P,420,1.35,NaN,NaN,15,80
GOOG120616P00425000,P,425,1.25,NaN,NaN,8,95
GOOG120616P00430000,P,430,3.00,NaN,NaN,10,127
GOOG120616P00435000,P,435,1.45,NaN,NaN,11,42
GOOG120616P00440000,P,440,1.55,NaN,NaN,45,100
GOOG120616P00445000,P,445,2.75,NaN,NaN,9,96
GOOG120616P00450000,P,450,1.75,NaN,NaN,16,310
GOOG120616P00455000,P,455,2.80,NaN,NaN,161,112
GOOG120616P00460000,P,460,1.95,NaN,NaN,12,259
GOOG120616P00465000,P,465,2.65,NaN,NaN,62,195
GOOG120616P00470000,P,470,2.39,NaN,NaN,10,884
GOOG120616P00475000,P,475,3.10,NaN,NaN,23,290
GOOG120616P00480000,P,480,2.90,NaN,NaN,1,427
GOOG120616P00485000,P,485,3.00,NaN,NaN,6,285
GOOG120616P00490000,P,490,3.35,NaN,NaN,31,420
GOOG120616P00495000,P,495,4.50,NaN,NaN,1,195
GOOG120616P00500000,P,500,3.80,NaN,NaN,97,1422
GOOG120616P00505000,P,505,4.65,NaN,NaN,15,257
GOOG120616P00510000,P,510,5.15,NaN,NaN,15,482
GOOG120616P00515000,P,515,4.80,NaN,NaN,3,704
GOOG120616P00520000,P,520,5.32,NaN,NaN,7,620
GOOG120616P00525000,P,525,6.10,NaN,NaN,4,752
GOOG120616P00530000,P,530,6.60,NaN,NaN,4,694
GOOG120616P00535000,P,535,6.98,NaN,NaN,8,657
GOOG120616P00540000,P,540,7.90,NaN,NaN,15,606
GOOG120616P00545000,P,545,10.56,NaN,NaN,54,223
GOOG120616P00550000,P,550,9.30,NaN,NaN,32,1399
GOOG120616P00555000,P,555,11.20,NaN,NaN,2,351
GOOG120616P00560000,P,560,11.30,NaN,NaN,9,630
GOOG120616P00565000,P,565,11.98,NaN,NaN,12,244
GOOG120616P00570000,P,570,13.90,NaN,NaN,1,1158
GOOG120616P00575000,P,575,15.00,NaN,NaN,5,2191
GOOG120616P00580000,P,580,17.10,NaN,NaN,20,585
GOOG120616P00585000,P,585,17.20,NaN,NaN,10,1304
GOOG120616P00590000,P,590,18.34,NaN,NaN,97,715
GOOG120616P00595000,P,595,20.05,NaN,NaN,44,298
GOOG120616P00600000,P,600,21.60,NaN,NaN,38,990
GOOG120616P00605000,P,605,23.91,NaN,NaN,38,528
GOOG120616P00610000,P,610,25.34,NaN,NaN,20,611
GOOG120616P00615000,P,615,28.01,NaN,NaN,17,343
GOOG120616P00620000,P,620,32.30,NaN,NaN,17,307
GOOG120616P00625000,P,625,32.03,NaN,NaN,8,301
GOOG120616P00630000,P,630,35.51,NaN,NaN,2,1865
GOOG120616P00635000,P,635,41.00,NaN,NaN,1,208
GOOG120616P00640000,P,640,41.04,NaN,NaN,3,79
GOOG120616P00645000,P,645,45.70,NaN,NaN,46,142
GOOG120616P00650000,P,650,47.80,NaN,NaN,6,178
GOOG120616P00655000,P,655,51.70,NaN,NaN,7,126
GOOG120616P00660000,P,660,57.87,NaN,NaN,1,175
GOOG120616P00665000,P,665,58.80,NaN,NaN,10,117
GOOG120616P00670000,P,670,62.10,NaN,NaN,1,98
GOOG120616P00675000,P,675,80.40,NaN,NaN,1,75
GOOG120616P00680000,P,680,80.30,NaN,NaN,1,8
GOOG120616P00685000,P,685,85.77,NaN,NaN,2,31
GOOG120616P00690000,P,690,111.00,NaN,NaN,1,95
GOOG120616P00695000,P,695,81.60,NaN,NaN,4,12
GOOG120616P00700000,P,700,86.90,NaN,NaN,14,115
GOOG120616P00705000,P,705,138.90,NaN,NaN,2,10
GOOG120616P00710000,P,710,109.60,NaN,NaN,9,55
GOOG120616P00715000,P,715,100.30,NaN,NaN,2,15
GOOG120616P00720000,P,720,153.10,NaN,NaN,2,2
GOOG120616P00725000,P,725,156.20,NaN,NaN,1,4
GOOG120616P00730000,P,730,119.00,NaN,NaN,5,4
GOOG120616P00735000,P,735,125.80,NaN,NaN,1,13
GOOG120616P00740000,P,740,170.70,NaN,NaN,3,7
GOOG120616P00745000,P,745,178.20,NaN,NaN,3,12
GOOG120616P00750000,P,750,179.20,NaN,NaN,1,20
GOOG120616P00755000,P,755,146.80,NaN,NaN,7,23
GOOG120616P00760000,P,760,127.30,NaN,NaN,2,17
GOOG120616P00765000,P,765,200.20,NaN,NaN,1,17
GOOG120616P00770000,P,770,202.60,NaN,NaN,1,1
GOOG120616P00775000,P,775,201.50,NaN,NaN,1,1
GOOG120616P00785000,P,785,178.70,NaN,NaN,1,1
GOOG120616P00800000,P,800,187.80,NaN,NaN,3,5
GOOG120616P00805000,P,805,195.30,NaN,NaN,13,15
GOOG120616P00810000,P,810,188.90,NaN,NaN,2,2
GOOG120616P00815000,P,815,189.70,NaN,NaN,11,18
GOOG120616P00820000,P,820,213.00,NaN,NaN,3,19
GOOG120616P00830000,P,830,206.00,NaN,NaN,2,2
GOOG120616P00835000,P,835,220.70,NaN,NaN,10,10
GOOG120616P00840000,P,840,215.70,NaN,NaN,2,2
GOOG120616P00855000,P,855,228.60,NaN,NaN,10,11
GOOG120616P00980000,P,980,361.95,NaN,NaN,48,110
GOOG120922C00295000,C,295,313.20,NaN,NaN,4,4
GOOG120922C00300000,C,300,306.40,NaN,NaN,10,22
GOOG120922C00310000,C,310,307.40,NaN,NaN,1,1
GOOG120922C00320000,C,320,293.90,NaN,NaN,2,2
GOOG120922C00325000,C,325,283.50,NaN,NaN,4,4
GOOG120922C00360000,C,360,228.50,NaN,NaN,2,2
GOOG120922C00450000,C,450,166.00,NaN,NaN,1,1
GOOG120922C00470000,C,470,114.00,NaN,NaN,2,15
GOOG120922C00475000,C,475,142.30,NaN,NaN,9,9
GOOG120922C00485000,C,485,135.70,NaN,NaN,2,2
GOOG120922C00490000,C,490,130.80,NaN,NaN,1,1
GOOG120922C00495000,C,495,126.80,NaN,NaN,1,1
GOOG120922C00500000,C,500,128.55,NaN,NaN,10,22
GOOG120922C00505000,C,505,122.00,NaN,NaN,3,4
GOOG120922C00510000,C,510,114.10,NaN,NaN,6,7
GOOG120922C00515000,C,515,120.40,NaN,NaN,13,34
GOOG120922C00520000,C,520,106.00,NaN,NaN,5,46
GOOG120922C00525000,C,525,101.80,NaN,NaN,1,26
GOOG120922C00530000,C,530,109.00,NaN,NaN,7,30
GOOG120922C00535000,C,535,94.50,NaN,NaN,1,35
GOOG120922C00540000,C,540,100.10,NaN,NaN,4,56
GOOG120922C00545000,C,545,96.50,NaN,NaN,3,6
GOOG120922C00550000,C,550,89.15,NaN,NaN,10,52
GOOG120922C00555000,C,555,79.50,NaN,NaN,3,6
GOOG120922C00560000,C,560,84.90,NaN,NaN,3,44
GOOG120922C00565000,C,565,83.40,NaN,NaN,50,76
GOOG120922C00570000,C,570,77.20,NaN,NaN,1,56
GOOG120922C00575000,C,575,66.00,NaN,NaN,1,51
GOOG120922C00580000,C,580,66.00,NaN,NaN,3,29
GOOG120922C00585000,C,585,65.70,NaN,NaN,2,34
GOOG120922C00590000,C,590,64.00,NaN,NaN,1,372
GOOG120922C00595000,C,595,54.00,NaN,NaN,2,29
GOOG120922C00600000,C,600,61.40,NaN,NaN,6,202
GOOG120922C00605000,C,605,57.10,NaN,NaN,80,157
GOOG120922C00610000,C,610,52.16,NaN,NaN,11,102
GOOG120922C00615000,C,615,50.00,NaN,NaN,1,27
GOOG120922C00620000,C,620,49.00,NaN,NaN,3,161
GOOG120922C00625000,C,625,46.60,NaN,NaN,11,43
GOOG120922C00630000,C,630,42.18,NaN,NaN,4,71
GOOG120922C00635000,C,635,42.10,NaN,NaN,5,35
GOOG120922C00640000,C,640,38.00,NaN,NaN,11,193
GOOG120922C00645000,C,645,34.30,NaN,NaN,2,47
GOOG120922C00650000,C,650,35.60,NaN,NaN,21,145
GOOG120922C00655000,C,655,32.60,NaN,NaN,10,81
GOOG120922C00660000,C,660,29.70,NaN,NaN,1,136
GOOG120922C00665000,C,665,28.60,NaN,NaN,6,153
GOOG120922C00670000,C,670,26.80,NaN,NaN,3,343
GOOG120922C00675000,C,675,25.20,NaN,NaN,5,27
GOOG120922C00680000,C,680,23.20,NaN,NaN,6,519
GOOG120922C00685000,C,685,19.60,NaN,NaN,3,30
GOOG120922C00690000,C,690,20.49,NaN,NaN,83,128
GOOG120922C00695000,C,695,16.50,NaN,NaN,10,245
GOOG120922C00700000,C,700,18.40,NaN,NaN,11,861
GOOG120922C00705000,C,705,13.80,NaN,NaN,33,278
GOOG120922C00710000,C,710,15.00,NaN,NaN,1,145
GOOG120922C00715000,C,715,15.10,NaN,NaN,21,132
GOOG120922C00720000,C,720,12.50,NaN,NaN,60,143
GOOG120922C00725000,C,725,13.60,NaN,NaN,10,4
GOOG120922C00730000,C,730,11.40,NaN,NaN,10,123
GOOG120922C00735000,C,735,9.90,NaN,NaN,1,1
GOOG120922C00740000,C,740,10.20,NaN,NaN,1,62
GOOG120922C00745000,C,745,9.50,NaN,NaN,3,42
GOOG120922C00750000,C,750,7.90,NaN,NaN,20,167
GOOG120922C00755000,C,755,7.50,NaN,NaN,1,363
GOOG120922C00760000,C,760,7.30,NaN,NaN,11,100
GOOG120922C00765000,C,765,7.00,NaN,NaN,43,43
GOOG120922C00770000,C,770,6.70,NaN,NaN,20,68
GOOG120922C00775000,C,775,5.40,NaN,NaN,11,103
GOOG120922C00780000,C,780,5.20,NaN,NaN,171,193
GOOG120922C00785000,C,785,4.50,NaN,NaN,21,99
GOOG120922C00790000,C,790,4.70,NaN,NaN,4,78
GOOG120922C00800000,C,800,4.30,NaN,NaN,10,53
GOOG120922C00810000,C,810,4.70,NaN,NaN,1,34
GOOG120922C00820000,C,820,2.90,NaN,NaN,11,43
GOOG120922C00830000,C,830,1.30,NaN,NaN,40,10
GOOG120922C00840000,C,840,1.35,NaN,NaN,4,10
GOOG120922C00850000,C,850,2.65,NaN,NaN,62,61
GOOG120922C00860000,C,860,1.40,NaN,NaN,31,20
GOOG120922C00870000,C,870,2.10,NaN,NaN,38,38
GOOG120922C00880000,C,880,1.25,NaN,NaN,10,21
GOOG120922C00890000,C,890,1.35,NaN,NaN,5,10
GOOG120922P00295000,P,295,0.95,NaN,NaN,11,69
GOOG120922P00300000,P,300,0.90,NaN,NaN,30,68
GOOG120922P00305000,P,305,1.25,NaN,NaN,27,47
GOOG120922P00310000,P,310,1.00,NaN,NaN,3,13
GOOG120922P00315000,P,315,1.15,NaN,NaN,10,32
GOOG120922P00320000,P,320,1.35,NaN,NaN,10,43
GOOG120922P00325000,P,325,1.70,NaN,NaN,10,22
GOOG120922P00330000,P,330,1.50,NaN,NaN,1,11
GOOG120922P00335000,P,335,1.85,NaN,NaN,10,10
GOOG120922P00340000,P,340,1.90,NaN,NaN,2,64
GOOG120922P00345000,P,345,1.35,NaN,NaN,10,14
GOOG120922P00350000,P,350,2.00,NaN,NaN,10,20
GOOG120922P00355000,P,355,1.75,NaN,NaN,1,1
GOOG120922P00360000,P,360,1.90,NaN,NaN,11,11
GOOG120922P00365000,P,365,2.10,NaN,NaN,1,13
GOOG120922P00370000,P,370,2.50,NaN,NaN,11,11
GOOG120922P00375000,P,375,1.90,NaN,NaN,2,15
GOOG120922P00380000,P,380,2.50,NaN,NaN,10,26
GOOG120922P00385000,P,385,2.30,NaN,NaN,10,19
GOOG120922P00390000,P,390,2.80,NaN,NaN,3,16
GOOG120922P00395000,P,395,2.75,NaN,NaN,1,1
GOOG120922P00400000,P,400,2.95,NaN,NaN,4,29
GOOG120922P00405000,P,405,3.60,NaN,NaN,10,10
GOOG120922P00410000,P,410,4.50,NaN,NaN,2,7
GOOG120922P00415000,P,415,5.40,NaN,NaN,2,12
GOOG120922P00420000,P,420,5.40,NaN,NaN,1,3
GOOG120922P00425000,P,425,5.00,NaN,NaN,11,205
GOOG120922P00430000,P,430,4.00,NaN,NaN,12,47
GOOG120922P00435000,P,435,5.40,NaN,NaN,15,26
GOOG120922P00440000,P,440,5.30,NaN,NaN,1,29
GOOG120922P00445000,P,445,6.20,NaN,NaN,29,42
GOOG120922P00450000,P,450,5.20,NaN,NaN,1,92
GOOG120922P00455000,P,455,10.70,NaN,NaN,1,1
GOOG120922P00460000,P,460,8.30,NaN,NaN,11,14
GOOG120922P00465000,P,465,7.80,NaN,NaN,3,19
GOOG120922P00470000,P,470,7.10,NaN,NaN,1,85
GOOG120922P00475000,P,475,9.90,NaN,NaN,5,14
GOOG120922P00480000,P,480,8.40,NaN,NaN,5,94
GOOG120922P00485000,P,485,12.93,NaN,NaN,1,2
GOOG120922P00490000,P,490,10.73,NaN,NaN,22,123
GOOG120922P00495000,P,495,12.60,NaN,NaN,12,76
GOOG120922P00500000,P,500,10.93,NaN,NaN,3,218
GOOG120922P00505000,P,505,12.85,NaN,NaN,1,51
GOOG120922P00510000,P,510,12.00,NaN,NaN,1,128
GOOG120922P00515000,P,515,15.00,NaN,NaN,11,21
GOOG120922P00520000,P,520,15.30,NaN,NaN,1,39
GOOG120922P00525000,P,525,14.26,NaN,NaN,1,330
GOOG120922P00530000,P,530,18.10,NaN,NaN,5,143
GOOG120922P00535000,P,535,20.90,NaN,NaN,12,145
GOOG120922P00540000,P,540,20.80,NaN,NaN,5,350
GOOG120922P00545000,P,545,22.10,NaN,NaN,5,165
GOOG120922P00550000,P,550,19.49,NaN,NaN,1,138
GOOG120922P00555000,P,555,24.80,NaN,NaN,10,48
GOOG120922P00560000,P,560,22.00,NaN,NaN,2,192
GOOG120922P00565000,P,565,28.10,NaN,NaN,4,66
GOOG120922P00570000,P,570,24.80,NaN,NaN,4,533
GOOG120922P00575000,P,575,26.80,NaN,NaN,500,572
GOOG120922P00580000,P,580,27.95,NaN,NaN,2,413
GOOG120922P00585000,P,585,31.30,NaN,NaN,16,15
GOOG120922P00590000,P,590,33.22,NaN,NaN,3,105
GOOG120922P00595000,P,595,34.62,NaN,NaN,5,17
GOOG120922P00600000,P,600,36.00,NaN,NaN,2,195
GOOG120922P00605000,P,605,39.40,NaN,NaN,3,35
GOOG120922P00610000,P,610,40.60,NaN,NaN,20,57
GOOG120922P00615000,P,615,45.00,NaN,NaN,11,38
GOOG120922P00620000,P,620,45.60,NaN,NaN,1,95
GOOG120922P00625000,P,625,51.00,NaN,NaN,1,3
GOOG120922P00630000,P,630,49.00,NaN,NaN,10,26
GOOG120922P00635000,P,635,52.30,NaN,NaN,16,22
GOOG120922P00640000,P,640,54.26,NaN,NaN,2,14
GOOG120922P00650000,P,650,60.01,NaN,NaN,2,22
GOOG120922P00660000,P,660,87.00,NaN,NaN,1,1
GOOG120922P00665000,P,665,80.10,NaN,NaN,10,10
GOOG120922P00675000,P,675,82.10,NaN,NaN,11,14
GOOG120922P00680000,P,680,90.70,NaN,NaN,3,14
GOOG120922P00690000,P,690,98.10,NaN,NaN,10,12
GOOG120922P00695000,P,695,101.30,NaN,NaN,2,3
GOOG120922P00700000,P,700,105.21,NaN,NaN,5,8
GOOG120922P00710000,P,710,115.00,NaN,NaN,70,77
GOOG120922P00760000,P,760,195.20,NaN,NaN,10,10
GOOG120922P00775000,P,775,168.80,NaN,NaN,4,4
GOOG120922P00780000,P,780,210.10,NaN,NaN,10,10
GOOG120922P00800000,P,800,190.60,NaN,NaN,11,12
GOOG120922P00810000,P,810,207.20,NaN,NaN,7,10
GOOG130119C00240000,C,240,336.41,NaN,NaN,2,18
GOOG130119C00250000,C,250,321.70,NaN,NaN,1,29
GOOG130119C00260000,C,260,322.70,NaN,NaN,1,34
GOOG130119C00270000,C,270,341.80,NaN,NaN,2,14
GOOG130119C00280000,C,280,332.00,NaN,NaN,2,26
GOOG130119C00285000,C,285,324.00,NaN,NaN,10,10
GOOG130119C00290000,C,290,235.80,NaN,NaN,NaN,4
GOOG130119C00300000,C,300,311.10,NaN,NaN,1,2266
GOOG130119C00305000,C,305,333.10,NaN,NaN,1,1
GOOG130119C00310000,C,310,262.00,NaN,NaN,4,57
GOOG130119C00320000,C,320,252.50,NaN,NaN,1,783
GOOG130119C00325000,C,325,259.20,NaN,NaN,1,1
GOOG130119C00330000,C,330,335.83,NaN,NaN,1,44
GOOG130119C00335000,C,335,247.10,NaN,NaN,10,10
GOOG130119C00340000,C,340,308.84,NaN,NaN,1,46
GOOG130119C00345000,C,345,229.00,NaN,NaN,1,1
GOOG130119C00350000,C,350,235.80,NaN,NaN,2,122
GOOG130119C00360000,C,360,246.00,NaN,NaN,1,15
GOOG130119C00370000,C,370,302.77,NaN,NaN,1,74
GOOG130119C00375000,C,375,239.50,NaN,NaN,10,10
GOOG130119C00380000,C,380,234.90,NaN,NaN,1,54
GOOG130119C00385000,C,385,238.50,NaN,NaN,1,1
GOOG130119C00390000,C,390,287.72,NaN,NaN,2,38
GOOG130119C00395000,C,395,281.50,NaN,NaN,5,5
GOOG130119C00400000,C,400,227.00,NaN,NaN,3,185
GOOG130119C00410000,C,410,244.30,NaN,NaN,55,127
GOOG130119C00420000,C,420,230.00,NaN,NaN,4,36
GOOG130119C00425000,C,425,194.74,NaN,NaN,1,52
GOOG130119C00430000,C,430,170.80,NaN,NaN,6,51
GOOG130119C00435000,C,435,168.60,NaN,NaN,1,1
GOOG130119C00440000,C,440,182.41,NaN,NaN,3,25
GOOG130119C00445000,C,445,165.60,NaN,NaN,7,7
GOOG130119C00450000,C,450,183.25,NaN,NaN,3,89
GOOG130119C00455000,C,455,181.80,NaN,NaN,2,2
GOOG130119C00460000,C,460,138.80,NaN,NaN,10,30
GOOG130119C00465000,C,465,161.80,NaN,NaN,10,10
GOOG130119C00470000,C,470,165.00,NaN,NaN,1,66
GOOG130119C00475000,C,475,151.00,NaN,NaN,1,65
GOOG130119C00480000,C,480,129.53,NaN,NaN,1,47
GOOG130119C00485000,C,485,144.20,NaN,NaN,4,11
GOOG130119C00490000,C,490,151.20,NaN,NaN,2,59
GOOG130119C00495000,C,495,146.90,NaN,NaN,8,45
GOOG130119C00500000,C,500,145.50,NaN,NaN,3,653
GOOG130119C00505000,C,505,138.50,NaN,NaN,3,44
GOOG130119C00510000,C,510,136.60,NaN,NaN,1,165
GOOG130119C00515000,C,515,131.10,NaN,NaN,7,21
GOOG130119C00520000,C,520,127.70,NaN,NaN,4,375
GOOG130119C00525000,C,525,124.20,NaN,NaN,3,47
GOOG130119C00530000,C,530,120.60,NaN,NaN,8,380
GOOG130119C00535000,C,535,116.80,NaN,NaN,2,27
GOOG130119C00540000,C,540,104.30,NaN,NaN,1,361
GOOG130119C00545000,C,545,102.80,NaN,NaN,2,13
GOOG130119C00550000,C,550,107.00,NaN,NaN,8,694
GOOG130119C00555000,C,555,105.50,NaN,NaN,9,43
GOOG130119C00560000,C,560,98.00,NaN,NaN,1,201
GOOG130119C00565000,C,565,99.10,NaN,NaN,12,58
GOOG130119C00570000,C,570,90.50,NaN,NaN,1,910
GOOG130119C00575000,C,575,89.20,NaN,NaN,2,172
GOOG130119C00580000,C,580,88.00,NaN,NaN,1,1176
GOOG130119C00585000,C,585,77.80,NaN,NaN,22,254
GOOG130119C00590000,C,590,80.61,NaN,NaN,1,2074
GOOG130119C00595000,C,595,80.00,NaN,NaN,3,525
GOOG130119C00600000,C,600,75.80,NaN,NaN,30,4051
GOOG130119C00605000,C,605,73.53,NaN,NaN,3,269
GOOG130119C00610000,C,610,71.50,NaN,NaN,9,447
GOOG130119C00615000,C,615,66.50,NaN,NaN,1,403
GOOG130119C00620000,C,620,63.00,NaN,NaN,77,286
GOOG130119C00625000,C,625,63.50,NaN,NaN,2,151
GOOG130119C00630000,C,630,60.11,NaN,NaN,3,424
GOOG130119C00635000,C,635,57.90,NaN,NaN,3,90
GOOG130119C00640000,C,640,55.35,NaN,NaN,9,287
GOOG130119C00645000,C,645,47.50,NaN,NaN,6,164
GOOG130119C00650000,C,650,50.71,NaN,NaN,6,661
GOOG130119C00655000,C,655,43.63,NaN,NaN,2,89
GOOG130119C00660000,C,660,41.50,NaN,NaN,6,347
GOOG130119C00665000,C,665,39.80,NaN,NaN,2,134
GOOG130119C00670000,C,670,42.80,NaN,NaN,2,231
GOOG130119C00675000,C,675,39.50,NaN,NaN,3,206
GOOG130119C00680000,C,680,38.80,NaN,NaN,2,232
GOOG130119C00685000,C,685,35.30,NaN,NaN,5,67
GOOG130119C00690000,C,690,34.17,NaN,NaN,4,388
GOOG130119C00695000,C,695,30.20,NaN,NaN,2,69
GOOG130119C00700000,C,700,31.60,NaN,NaN,90,4096
GOOG130119C00705000,C,705,26.50,NaN,NaN,1,90
GOOG130119C00710000,C,710,28.10,NaN,NaN,4,772
GOOG130119C00715000,C,715,25.00,NaN,NaN,1,78
GOOG130119C00720000,C,720,26.10,NaN,NaN,1,303
GOOG130119C00725000,C,725,24.00,NaN,NaN,2,82
GOOG130119C00730000,C,730,24.00,NaN,NaN,2,187
GOOG130119C00735000,C,735,21.30,NaN,NaN,21,118
GOOG130119C00740000,C,740,20.77,NaN,NaN,14,546
GOOG130119C00745000,C,745,18.20,NaN,NaN,2,192
GOOG130119C00750000,C,750,19.00,NaN,NaN,16,1556
GOOG130119C00755000,C,755,17.50,NaN,NaN,1,102
GOOG130119C00760000,C,760,18.77,NaN,NaN,40,270
GOOG130119C00765000,C,765,15.70,NaN,NaN,4,72
GOOG130119C00770000,C,770,14.80,NaN,NaN,1,337
GOOG130119C00775000,C,775,15.40,NaN,NaN,1,82
GOOG130119C00780000,C,780,13.76,NaN,NaN,1,783
GOOG130119C00785000,C,785,12.50,NaN,NaN,5,64
GOOG130119C00790000,C,790,10.80,NaN,NaN,2,157
GOOG130119C00795000,C,795,11.30,NaN,NaN,4,86
GOOG130119C00800000,C,800,11.10,NaN,NaN,15,3868
GOOG130119C00810000,C,810,10.00,NaN,NaN,2,458
GOOG130119C00820000,C,820,8.10,NaN,NaN,10,446
GOOG130119C00830000,C,830,6.70,NaN,NaN,10,157
GOOG130119C00840000,C,840,6.00,NaN,NaN,10,72
GOOG130119C00850000,C,850,5.50,NaN,NaN,1,367
GOOG130119C00860000,C,860,5.10,NaN,NaN,207,409
GOOG130119C00870000,C,870,5.10,NaN,NaN,1,203
GOOG130119C00880000,C,880,5.30,NaN,NaN,1,533
GOOG130119C00890000,C,890,4.30,NaN,NaN,2,215
GOOG130119C00900000,C,900,2.93,NaN,NaN,1,854
GOOG130119C00910000,C,910,2.55,NaN,NaN,10,391
GOOG130119C00920000,C,920,2.80,NaN,NaN,10,447
GOOG130119C00930000,C,930,2.50,NaN,NaN,20,810
GOOG130119C00940000,C,940,2.00,NaN,NaN,5,631
GOOG130119C00950000,C,950,1.85,NaN,NaN,82,852
GOOG130119C00960000,C,960,1.50,NaN,NaN,4,1965
GOOG130119C00970000,C,970,2.05,NaN,NaN,4,149
GOOG130119C00990000,C,990,3.20,NaN,NaN,1,1
GOOG130119C01000000,C,1,1.15,NaN,NaN,5,525
GOOG130119P00240000,P,240,0.85,NaN,NaN,6,447
GOOG130119P00250000,P,250,1.00,NaN,NaN,33,407
GOOG130119P00260000,P,260,0.85,NaN,NaN,1,129
GOOG130119P00270000,P,270,1.25,NaN,NaN,30,163
GOOG130119P00280000,P,280,1.25,NaN,NaN,15,190
GOOG130119P00285000,P,285,1.75,NaN,NaN,4,24
GOOG130119P00290000,P,290,1.50,NaN,NaN,7,94
GOOG130119P00295000,P,295,1.90,NaN,NaN,124,117
GOOG130119P00300000,P,300,1.70,NaN,NaN,10,3158
GOOG130119P00305000,P,305,1.70,NaN,NaN,2,225
GOOG130119P00310000,P,310,2.55,NaN,NaN,3,390
GOOG130119P00315000,P,315,2.80,NaN,NaN,1,41
GOOG130119P00320000,P,320,2.50,NaN,NaN,30,840
GOOG130119P00325000,P,325,3.00,NaN,NaN,2,74
GOOG130119P00330000,P,330,3.39,NaN,NaN,15,733
GOOG130119P00335000,P,335,3.50,NaN,NaN,3,26
GOOG130119P00340000,P,340,3.70,NaN,NaN,4,166
GOOG130119P00345000,P,345,3.90,NaN,NaN,13,24
GOOG130119P00350000,P,350,3.70,NaN,NaN,1,904
GOOG130119P00355000,P,355,9.06,NaN,NaN,6,22
GOOG130119P00360000,P,360,4.90,NaN,NaN,34,790
GOOG130119P00365000,P,365,5.00,NaN,NaN,7,60
GOOG130119P00370000,P,370,4.50,NaN,NaN,3,485
GOOG130119P00375000,P,375,5.80,NaN,NaN,1,114
GOOG130119P00380000,P,380,7.50,NaN,NaN,4,491
GOOG130119P00385000,P,385,6.30,NaN,NaN,20,163
GOOG130119P00390000,P,390,6.78,NaN,NaN,2,374
GOOG130119P00395000,P,395,6.10,NaN,NaN,1,933
GOOG130119P00400000,P,400,6.60,NaN,NaN,3,1534
GOOG130119P00405000,P,405,7.70,NaN,NaN,7,140
GOOG130119P00410000,P,410,7.50,NaN,NaN,1,1184
GOOG130119P00415000,P,415,8.80,NaN,NaN,4,128
GOOG130119P00420000,P,420,9.40,NaN,NaN,4,380
GOOG130119P00425000,P,425,9.90,NaN,NaN,14,93
GOOG130119P00430000,P,430,9.22,NaN,NaN,1,510
GOOG130119P00435000,P,435,11.10,NaN,NaN,7,109
GOOG130119P00440000,P,440,10.40,NaN,NaN,4,411
GOOG130119P00445000,P,445,10.90,NaN,NaN,134,175
GOOG130119P00450000,P,450,11.20,NaN,NaN,27,1870
GOOG130119P00455000,P,455,12.40,NaN,NaN,8,185
GOOG130119P00460000,P,460,13.05,NaN,NaN,8,290
GOOG130119P00465000,P,465,13.70,NaN,NaN,4,152
GOOG130119P00470000,P,470,14.70,NaN,NaN,1,630
GOOG130119P00475000,P,475,17.40,NaN,NaN,3,227
GOOG130119P00480000,P,480,16.40,NaN,NaN,10,605
GOOG130119P00485000,P,485,19.20,NaN,NaN,2,70
GOOG130119P00490000,P,490,17.60,NaN,NaN,1,300
GOOG130119P00495000,P,495,18.40,NaN,NaN,1,123
GOOG130119P00500000,P,500,19.70,NaN,NaN,17,3173
GOOG130119P00505000,P,505,23.40,NaN,NaN,2,1323
GOOG130119P00510000,P,510,22.20,NaN,NaN,5,957
GOOG130119P00515000,P,515,26.10,NaN,NaN,2,84
GOOG130119P00520000,P,520,24.10,NaN,NaN,1,996
GOOG130119P00525000,P,525,25.50,NaN,NaN,39,220
GOOG130119P00530000,P,530,27.70,NaN,NaN,2,1728
GOOG130119P00535000,P,535,28.40,NaN,NaN,2,209
GOOG130119P00540000,P,540,31.00,NaN,NaN,3,533
GOOG130119P00545000,P,545,33.25,NaN,NaN,34,72
GOOG130119P00550000,P,550,33.00,NaN,NaN,20,1243
GOOG130119P00555000,P,555,36.35,NaN,NaN,34,177
GOOG130119P00560000,P,560,35.50,NaN,NaN,9,1445
GOOG130119P00565000,P,565,41.90,NaN,NaN,3,122
GOOG130119P00570000,P,570,42.37,NaN,NaN,1,424
GOOG130119P00575000,P,575,45.70,NaN,NaN,2,216
GOOG130119P00580000,P,580,43.86,NaN,NaN,2,513
GOOG130119P00585000,P,585,45.70,NaN,NaN,2,274
GOOG130119P00590000,P,590,47.20,NaN,NaN,269,1823
GOOG130119P00595000,P,595,54.50,NaN,NaN,3,212
GOOG130119P00600000,P,600,50.20,NaN,NaN,3,1528
GOOG130119P00605000,P,605,59.10,NaN,NaN,2,247
GOOG130119P00610000,P,610,57.00,NaN,NaN,1,200
GOOG130119P00615000,P,615,61.00,NaN,NaN,41,113
GOOG130119P00620000,P,620,60.62,NaN,NaN,50,468
GOOG130119P00625000,P,625,61.90,NaN,NaN,4,116
GOOG130119P00630000,P,630,67.00,NaN,NaN,6,310
GOOG130119P00635000,P,635,78.70,NaN,NaN,5,60
GOOG130119P00640000,P,640,68.81,NaN,NaN,2,162
GOOG130119P00645000,P,645,71.50,NaN,NaN,3,27
GOOG130119P00650000,P,650,74.46,NaN,NaN,2,357
GOOG130119P00655000,P,655,90.00,NaN,NaN,20,51
GOOG130119P00660000,P,660,89.71,NaN,NaN,1,218
GOOG130119P00665000,P,665,104.00,NaN,NaN,1,93
GOOG130119P00670000,P,670,89.90,NaN,NaN,5,112
GOOG130119P00675000,P,675,108.30,NaN,NaN,2,100
GOOG130119P00680000,P,680,93.10,NaN,NaN,1,78
GOOG130119P00685000,P,685,125.50,NaN,NaN,3,3
GOOG130119P00690000,P,690,137.60,NaN,NaN,5,76
GOOG130119P00695000,P,695,106.80,NaN,NaN,3,5
GOOG130119P00700000,P,700,104.70,NaN,NaN,29,316
GOOG130119P00705000,P,705,112.50,NaN,NaN,10,22
GOOG130119P00710000,P,710,153.90,NaN,NaN,44,122
GOOG130119P00715000,P,715,124.30,NaN,NaN,3,13
GOOG130119P00720000,P,720,130.30,NaN,NaN,2,81
GOOG130119P00725000,P,725,162.80,NaN,NaN,4,125
GOOG130119P00730000,P,730,171.30,NaN,NaN,10,47
GOOG130119P00740000,P,740,178.80,NaN,NaN,NaN,40
GOOG130119P00750000,P,750,174.70,NaN,NaN,10,52
GOOG130119P00755000,P,755,181.60,NaN,NaN,3,9
GOOG130119P00760000,P,760,195.40,NaN,NaN,14,61
GOOG130119P00765000,P,765,173.00,NaN,NaN,1,206
GOOG130119P00770000,P,770,170.90,NaN,NaN,8,29
GOOG130119P00780000,P,780,172.58,NaN,NaN,2,26
GOOG130119P00785000,P,785,175.10,NaN,NaN,2,10
GOOG130119P00790000,P,790,177.90,NaN,NaN,2,81
GOOG130119P00795000,P,795,229.80,NaN,NaN,2,7
GOOG130119P00800000,P,800,226.41,NaN,NaN,250,1314
GOOG130119P00810000,P,810,201.70,NaN,NaN,1,23
GOOG130119P00820000,P,820,228.50,NaN,NaN,2,105
GOOG130119P00830000,P,830,262.20,NaN,NaN,6,59
GOOG130119P00840000,P,840,213.20,NaN,NaN,1,24
GOOG130119P00850000,P,850,206.50,NaN,NaN,2,84
GOOG130119P00860000,P,860,208.40,NaN,NaN,2,72
GOOG130119P00870000,P,870,240.60,NaN,NaN,3,105
GOOG130119P00880000,P,880,225.70,NaN,NaN,2,103
GOOG130119P00890000,P,890,235.70,NaN,NaN,1,116
GOOG130119P00900000,P,900,280.00,NaN,NaN,2,120
GOOG130119P00910000,P,910,251.00,NaN,NaN,12,145
GOOG130119P00920000,P,920,327.10,NaN,NaN,NaN,113
GOOG130119P00930000,P,930,299.00,NaN,NaN,10,111
GOOG130119P00940000,P,940,307.20,NaN,NaN,10,77
GOOG130119P00960000,P,960,330.50,NaN,NaN,1,27
GOOG130119P01000000,P,1,393.50,NaN,NaN,1,3
GOOG140118C00310000,C,310,311.68,NaN,NaN,1,7
GOOG140118C00320000,C,320,303.10,NaN,NaN,10,18
GOOG140118C00330000,C,330,310.30,NaN,NaN,10,10
GOOG140118C00340000,C,340,300.60,NaN,NaN,7,7
GOOG140118C00350000,C,350,237.50,NaN,NaN,1,12
GOOG140118C00360000,C,360,239.10,NaN,NaN,10,42
GOOG140118C00370000,C,370,233.56,NaN,NaN,1,1
GOOG140118C00380000,C,380,212.80,NaN,NaN,2,2
GOOG140118C00400000,C,400,233.48,NaN,NaN,4,466
GOOG140118C00410000,C,410,188.50,NaN,NaN,1,3
GOOG140118C00430000,C,430,226.40,NaN,NaN,10,10
GOOG140118C00440000,C,440,183.00,NaN,NaN,2,6
GOOG140118C00450000,C,450,193.00,NaN,NaN,1,7
GOOG140118C00460000,C,460,182.68,NaN,NaN,2,22
GOOG140118C00470000,C,470,148.00,NaN,NaN,7,20
GOOG140118C00480000,C,480,168.10,NaN,NaN,1,3
GOOG140118C00490000,C,490,165.00,NaN,NaN,1,3
GOOG140118C00500000,C,500,171.10,NaN,NaN,1,162
GOOG140118C00510000,C,510,119.50,NaN,NaN,3,3
GOOG140118C00520000,C,520,141.20,NaN,NaN,1,2
GOOG140118C00530000,C,530,136.10,NaN,NaN,2,2
GOOG140118C00540000,C,540,136.76,NaN,NaN,2,12
GOOG140118C00550000,C,550,135.50,NaN,NaN,2,63
GOOG140118C00560000,C,560,124.90,NaN,NaN,2,46
GOOG140118C00570000,C,570,111.45,NaN,NaN,1,164
GOOG140118C00580000,C,580,112.00,NaN,NaN,1,97
GOOG140118C00590000,C,590,103.57,NaN,NaN,1,173
GOOG140118C00600000,C,600,107.00,NaN,NaN,1,226
GOOG140118C00610000,C,610,102.20,NaN,NaN,3,112
GOOG140118C00620000,C,620,98.60,NaN,NaN,1,53
GOOG140118C00630000,C,630,93.90,NaN,NaN,19,32
GOOG140118C00640000,C,640,85.63,NaN,NaN,5,83
GOOG140118C00650000,C,650,81.65,NaN,NaN,16,77
GOOG140118C00660000,C,660,71.10,NaN,NaN,1,3
GOOG140118C00670000,C,670,70.00,NaN,NaN,1,32
GOOG140118C00680000,C,680,63.00,NaN,NaN,1,25
GOOG140118C00690000,C,690,67.35,NaN,NaN,1,6
GOOG140118C00700000,C,700,64.00,NaN,NaN,3,87
GOOG140118C00710000,C,710,58.10,NaN,NaN,1,2
GOOG140118C00720000,C,720,53.00,NaN,NaN,1,29
GOOG140118C00730000,C,730,44.00,NaN,NaN,1,25
GOOG140118C00740000,C,740,37.00,NaN,NaN,1,10
GOOG140118C00750000,C,750,46.70,NaN,NaN,1,86
GOOG140118C00760000,C,760,31.63,NaN,NaN,5,32
GOOG140118C00770000,C,770,40.30,NaN,NaN,25,306
GOOG140118C00780000,C,780,31.60,NaN,NaN,1,2
GOOG140118C00790000,C,790,33.40,NaN,NaN,2,12
GOOG140118C00800000,C,800,36.00,NaN,NaN,2,243
GOOG140118C00820000,C,820,32.20,NaN,NaN,3,3
GOOG140118C00850000,C,850,26.00,NaN,NaN,1,8
GOOG140118C00860000,C,860,17.20,NaN,NaN,5,19
GOOG140118C00900000,C,900,18.20,NaN,NaN,4,80
GOOG140118C00930000,C,930,12.00,NaN,NaN,10,10
GOOG140118C00940000,C,940,11.30,NaN,NaN,10,10
GOOG140118C00950000,C,950,13.70,NaN,NaN,5,19
GOOG140118C00960000,C,960,12.50,NaN,NaN,5,28
GOOG140118C00970000,C,970,11.50,NaN,NaN,15,130
GOOG140118P00310000,P,310,6.50,NaN,NaN,7,24
GOOG140118P00320000,P,320,7.60,NaN,NaN,1,176
GOOG140118P00330000,P,330,8.80,NaN,NaN,1,222
GOOG140118P00340000,P,340,9.40,NaN,NaN,1,262
GOOG140118P00350000,P,350,10.90,NaN,NaN,5,204
GOOG140118P00360000,P,360,12.10,NaN,NaN,6,138
GOOG140118P00370000,P,370,12.90,NaN,NaN,10,32
GOOG140118P00380000,P,380,17.60,NaN,NaN,1,28
GOOG140118P00390000,P,390,16.20,NaN,NaN,1,6
GOOG140118P00400000,P,400,17.30,NaN,NaN,4,401
GOOG140118P00410000,P,410,19.10,NaN,NaN,8,24
GOOG140118P00420000,P,420,20.90,NaN,NaN,8,49
GOOG140118P00430000,P,430,22.90,NaN,NaN,7,29
GOOG140118P00440000,P,440,24.70,NaN,NaN,1,13
GOOG140118P00450000,P,450,27.20,NaN,NaN,7,33
GOOG140118P00460000,P,460,29.70,NaN,NaN,7,91
GOOG140118P00470000,P,470,32.00,NaN,NaN,13,34
GOOG140118P00480000,P,480,34.00,NaN,NaN,1,17
GOOG140118P00490000,P,490,39.90,NaN,NaN,5,20
GOOG140118P00500000,P,500,40.50,NaN,NaN,3,230
GOOG140118P00510000,P,510,43.60,NaN,NaN,5,23
GOOG140118P00520000,P,520,46.80,NaN,NaN,5,26
GOOG140118P00530000,P,530,50.10,NaN,NaN,5,33
GOOG140118P00540000,P,540,53.50,NaN,NaN,4,26
GOOG140118P00550000,P,550,59.50,NaN,NaN,15,141
GOOG140118P00560000,P,560,61.00,NaN,NaN,1,184
GOOG140118P00570000,P,570,72.80,NaN,NaN,6,39
GOOG140118P00580000,P,580,74.50,NaN,NaN,1,44
GOOG140118P00590000,P,590,83.00,NaN,NaN,1,20
GOOG140118P00600000,P,600,80.40,NaN,NaN,1,169
GOOG140118P00610000,P,610,85.50,NaN,NaN,1,20
GOOG140118P00620000,P,620,110.10,NaN,NaN,1,18
GOOG140118P00630000,P,630,93.80,NaN,NaN,1,5
GOOG140118P00640000,P,640,105.00,NaN,NaN,10,21
GOOG140118P00650000,P,650,105.75,NaN,NaN,6,18
GOOG140118P00660000,P,660,110.30,NaN,NaN,1,1
GOOG140118P00670000,P,670,122.00,NaN,NaN,10,13
GOOG140118P00680000,P,680,138.90,NaN,NaN,1,2
GOOG140118P00690000,P,690,150.00,NaN,NaN,1,1
GOOG140118P00700000,P,700,148.18,NaN,NaN,1,31
GOOG140118P00710000,P,710,135.70,NaN,NaN,4,2
GOOG140118P00720000,P,720,152.00,NaN,NaN,1,3
GOOG140118P00730000,P,730,144.00,NaN,NaN,2,2
GOOG140118P00750000,P,750,175.40,NaN,NaN,11,11
GOOG140118P00770000,P,770,182.30,NaN,NaN,13,67
GOOG140118P00780000,P,780,219.16,NaN,NaN,5,5
GOOG140118P00790000,P,790,227.09,NaN,NaN,3,3
GOOG140118P00800000,P,800,247.18,NaN,NaN,40,40
GOOG140118P00830000,P,830,261.09,NaN,NaN,5,5
GOOG140118P00840000,P,840,268.37,NaN,NaN,3,3
GOOG140118P00850000,P,850,290.10,NaN,NaN,11,11
GOOG140118P00860000,P,860,287.20,NaN,NaN,10,33
GOOG140118P00870000,P,870,299.80,NaN,NaN,12,22
GOOG140118P00880000,P,880,306.90,NaN,NaN,10,43
GOOG140118P00890000,P,890,320.70,NaN,NaN,15,48
GOOG140118P00900000,P,900,332.20,NaN,NaN,10,35
GOOG140118P00910000,P,910,338.00,NaN,NaN,10,54
GOOG140118P00920000,P,920,350.00,NaN,NaN,20,86
GOOG140118P00930000,P,930,318.30,NaN,NaN,25,47
GOOG140118P00940000,P,940,328.00,NaN,NaN,10,33
GOOG140118P00950000,P,950,351.50,NaN,NaN,1,38
GOOG140118P00960000,P,960,383.70,NaN,NaN,10,56
GOOG140118P00970000,P,970,400.97,NaN,NaN,1,102
